10000 40000
0 1549 2
0 1702 60
0 2516 65
0 3745 22
0 3907 67
0 9124 11
1 524 5
1 3300 9
1 7317 12
2 1395 61
2 1653 16
2 3068 53
2 3523 19
3 6157 59
3 8811 94
3 9023 78
3 9368 20
4 2952 70
4 4376 39
4 4951 95
4 9088 87
4 9114 78
4 9711 22
5 1432 66
5 2150 19
5 2550 44
5 2829 2
6 1028 60
6 2891 56
6 3012 74
6 4057 71
7 1856 58
7 6500 34
7 7922 35
8 1610 79
8 6707 100
8 7133 46
8 7395 84
9 5594 8
9 8868 58
9 9629 45
10 1513 24
10 4627 11
10 6249 64
10 7656 83
10 8910 4
11 57 41
11 1008 3
11 4942 74
12 519 79
12 3361 98
13 2682 60
13 7842 56
14 2177 19
14 4507 25
14 5816 75
14 7421 62
14 9269 27
15 803 35
15 1049 18
15 2546 1
15 3132 5
15 8290 76
15 8544 34
15 9036 40
16 703 54
16 6238 34
16 6366 85
17 4559 37
17 8541 42
18 1000 43
18 3979 82
18 6114 65
18 9444 54
19 7807 45
19 9827 48
20 2188 57
20 5767 86
20 8362 50
20 8627 30
21 2955 64
21 5436 47
22 964 90
22 1760 20
22 2365 66
22 2768 14
23 1985 95
23 4854 28
23 4875 41
23 5604 29
23 6077 46
23 6155 42
23 6816 33
23 7330 21
23 9019 75
24 1860 72
24 4438 74
24 5332 9
24 6472 57
25 65 11
25 86 50
25 194 100
25 1222 93
25 8425 15
25 9231 53
26 835 37
26 1695 62
26 2446 10
26 4715 23
26 6714 12
26 6872 40
26 9650 86
26 9965 59
27 608 29
27 684 6
27 1209 25
27 2264 43
27 3628 1
27 6247 52
27 7989 83
27 9793 29
28 1234 97
28 2018 25
28 3424 62
28 7943 18
28 8309 100
28 9007 33
29 246 92
29 2065 8
29 5940 90
29 7890 3
30 613 57
30 1802 89
30 3668 95
30 6830 71
30 7065 42
30 7679 32
31 276 33
31 447 51
31 1744 54
31 3360 45
31 9428 90
31 9552 40
32 672 3
32 7165 18
33 2112 46
33 3520 27
33 7140 60
33 7618 46
33 9218 79
33 9249 43
34 643 74
34 2986 76
34 4626 67
34 5379 36
34 5844 93
34 6709 66
34 9791 69
35 1613 84
35 3349 73
35 6404 58
35 7640 86
36 1181 30
36 3147 47
36 3549 81
36 5364 1
37 4588 88
38 6827 12
38 9136 33
39 2501 38
39 2852 66
39 3762 77
39 4173 27
39 5377 5
39 5974 80
40 4700 45
40 7805 50
41 6772 6
41 9230 5
42 1833 95
42 3073 85
42 4367 47
42 5292 69
42 7838 60
43 80 14
43 4776 5
44 53 52
44 3212 80
44 3391 73
44 4197 35
44 4416 52
45 948 30
45 3870 21
45 6006 82
45 9105 76
46 1677 1
46 4191 82
46 8169 63
46 9705 13
47 3355 15
47 5850 1
47 6361 78
48 1419 92
48 5181 28
48 6447 82
49 185 71
49 271 72
49 5539 32
50 1964 77
50 4872 76
50 5268 27
50 6461 61
51 3303 23
51 7508 96
52 412 20
52 1376 36
52 5443 100
52 6708 72
52 8342 15
53 1641 72
53 8828 7
54 106 67
54 2598 2
54 3195 27
54 6497 49
54 7514 77
54 7515 28
54 8708 30
55 959 40
55 1647 40
55 6569 45
55 7394 41
56 888 17
56 3617 36
56 8473 68
56 9171 99
57 4042 6
57 5703 39
57 7688 31
57 8405 82
58 3259 15
59 2936 57
59 5791 43
59 6021 37
59 6466 52
59 7073 62
60 1690 73
60 4422 52
60 7651 33
61 1377 88
61 4117 23
61 6064 39
61 8064 55
61 8548 24
61 8694 66
62 688 3
62 2976 1
62 4404 93
62 5256 33
62 5470 41
62 5842 33
62 9149 77
63 1521 81
63 2943 50
63 4810 12
63 7633 48
64 438 48
64 5069 17
64 6150 87
65 781 78
65 4923 99
65 5117 1
65 6213 35
65 8610 41
65 8897 38
66 1373 87
66 2814 3
66 6443 10
67 161 38
67 2811 36
67 3659 97
67 6916 61
67 7514 75
67 7723 51
67 8693 85
68 903 40
68 8218 54
69 1099 85
69 4186 33
69 8346 86
70 2297 26
70 4269 65
70 4520 62
70 8178 6
70 8887 14
70 9258 73
71 2772 53
71 4841 62
71 4975 90
71 6016 39
71 8980 40
72 1226 88
72 1596 40
72 6480 74
72 8132 28
72 9310 77
73 274 61
73 3805 31
73 4846 86
73 8821 99
73 9752 66
74 3869 83
74 9734 59
74 9869 40
75 3537 34
76 75 44
76 5872 80
76 8913 87
77 4841 29
77 8839 12
78 564 72
78 4990 54
78 5302 77
78 8176 33
78 9136 59
79 573 91
79 756 6
79 5298 12
79 7715 52
79 9875 95
80 1944 51
80 3290 92
80 4974 82
80 6076 91
80 9282 66
81 955 10
81 7303 67
81 8556 26
82 1200 41
82 2826 53
82 7160 25
83 2515 6
83 5086 35
83 7889 84
84 5080 46
84 7816 69
84 9858 27
85 2021 25
85 2830 55
85 9960 55
86 1969 37
86 5170 27
86 6771 9
86 6970 13
87 2637 59
87 3070 68
87 5315 4
87 9924 65
88 4296 79
88 6047 56
88 6369 59
88 7965 30
88 8537 47
89 1863 41
89 2426 20
89 5669 12
89 5764 51
89 6941 87
90 1062 38
90 3288 91
90 3303 39
90 5148 62
90 7047 96
90 8146 74
90 8310 45
90 9236 41
90 9418 42
91 1787 72
91 2858 66
91 4187 96
91 5085 27
92 6138 2
92 9562 22
93 481 35
93 2789 15
93 3401 81
93 3433 2
93 3543 19
93 4997 46
93 5552 81
93 6097 74
93 6764 4
93 7341 10
94 104 21
94 2383 45
94 2849 30
94 5254 33
94 9824 96
95 6057 16
95 6837 70
96 2667 86
96 3006 55
96 3061 32
96 8641 82
97 3353 28
97 3452 77
97 6498 23
97 8427 69
97 8693 48
98 9849 88
99 1649 65
99 2895 74
99 3591 90
99 6168 87
99 7843 8
99 9159 5
99 9914 68
100 2398 9
100 4442 23
100 5568 13
101 2041 90
101 2281 96
101 2905 17
101 6089 100
101 6308 16
101 8501 62
101 8615 29
102 6626 48
103 8709 57
104 3623 45
104 3983 18
104 4257 43
104 4345 99
105 6244 49
105 6321 24
105 6827 27
105 7177 25
105 8972 47
106 597 96
106 3771 73
106 3939 35
106 5124 61
107 26 46
107 2796 24
107 3645 47
107 8211 53
108 378 29
108 8427 15
108 9510 62
109 4006 51
109 7973 28
110 191 52
110 4124 47
110 4352 45
110 5220 51
110 5436 63
110 6515 6
110 7375 80
111 4893 11
111 9907 63
112 3665 24
112 6647 28
112 8522 5
112 9458 23
112 9492 77
113 3722 29
113 5381 49
114 2685 2
114 4452 75
114 5035 45
115 5433 74
116 8863 9
117 3895 5
117 3941 19
117 8666 33
118 3593 52
118 3708 72
118 4842 61
118 6006 66
118 7697 34
119 6723 12
119 7291 94
119 8163 85
120 2673 58
120 3482 38
120 6370 35
120 7221 21
120 8691 44
121 2073 15
121 2512 31
121 3259 6
121 4121 39
121 5827 58
122 2103 11
122 4841 61
123 111 35
123 3361 39
123 5423 10
123 6258 36
123 8007 13
124 9649 54
124 9811 10
125 240 22
125 517 58
125 1960 29
125 3442 55
125 6529 9
125 7121 100
125 8662 16
126 2413 75
126 4856 34
126 8942 27
127 950 68
127 5170 18
127 9538 85
128 300 6
128 1120 53
128 2276 5
128 3168 49
128 6943 67
129 1215 35
129 1763 55
129 4885 5
130 2236 93
130 3148 65
130 5368 66
130 6696 28
130 7465 4
131 1449 76
131 3222 63
131 3471 17
131 7811 29
132 1709 73
132 3816 39
132 3842 87
132 7953 1
132 8796 93
133 2985 96
133 8564 1
133 9815 8
134 4028 70
134 4499 34
134 6541 35
134 7887 38
135 933 52
135 5096 20
135 5206 43
135 6281 4
136 1425 24
136 4811 92
136 6364 71
136 6945 59
137 402 47
137 8553 76
138 1154 52
138 2398 12
138 2502 42
138 6932 79
138 8400 15
138 8642 17
138 9562 42
138 9757 31
139 1754 45
139 2262 14
139 2907 69
139 4471 32
140 1760 15
141 1284 62
141 1651 27
141 2261 15
141 3535 70
141 4441 96
141 6712 48
141 7489 4
141 7735 34
141 9340 99
142 2381 24
142 5653 76
142 5893 3
142 9003 48
143 180 68
143 1549 74
143 4258 6
143 4364 14
143 8877 50
144 5332 58
144 8420 25
144 8553 91
145 2686 36
145 4370 40
145 8594 8
145 9219 78
146 5757 70
146 7237 53
147 9574 91
148 321 39
148 3458 84
148 6793 6
148 7233 100
148 7969 10
149 421 20
149 447 69
149 1238 6
149 2089 68
150 1908 73
150 6150 39
150 8238 67
151 767 96
151 4163 15
151 6365 70
151 6569 43
152 5985 82
152 6671 43
153 2466 49
153 8192 96
154 2167 93
154 6101 6
154 9398 20
154 9664 84
155 812 42
155 4763 60
155 6277 91
155 6648 19
155 6869 29
155 7512 43
155 7912 10
156 2269 68
156 6091 26
156 8720 15
157 911 68
157 2402 36
157 3751 34
157 3777 36
157 3879 41
158 1272 1
159 78 9
159 655 79
159 1614 68
159 1745 5
159 2101 94
159 2143 37
159 3344 48
159 3544 75
159 6763 79
159 8089 96
160 6684 70
160 9697 72
161 184 2
161 1002 90
161 4791 55
161 8451 43
162 4066 49
162 4547 45
162 5500 62
162 8918 78
163 230 87
163 1325 71
163 2428 45
164 2922 13
164 4705 85
164 8393 13
164 8539 48
165 5265 19
165 5616 48
165 9184 89
167 2557 20
167 2574 57
167 3790 68
168 1894 87
168 5982 61
169 1777 61
169 3365 23
169 5062 8
169 6645 35
169 8027 2
170 4769 4
170 5743 5
170 7861 73
171 2518 5
171 5061 95
171 5481 28
171 9171 48
172 1393 43
172 2606 72
172 2630 9
172 2631 21
172 6048 59
172 7528 79
172 7672 66
173 1318 72
173 3204 64
174 7175 78
174 7304 20
174 7522 82
174 9060 25
175 347 8
175 797 2
175 1334 82
175 2530 76
175 7929 88
175 8010 42
175 8328 36
176 1921 11
176 7919 50
177 6214 71
177 7008 12
178 591 53
178 2264 76
178 2585 85
178 5392 58
178 8515 70
178 8835 12
179 3180 5
179 3190 12
179 3458 84
179 6500 13
179 9063 33
180 3540 43
180 4033 91
180 4430 98
180 5032 14
180 5265 55
180 7140 75
180 9010 33
181 3538 36
181 6349 100
181 8898 41
182 789 37
182 3264 81
182 6442 16
183 2526 25
183 4352 23
183 5520 52
183 8639 35
184 64 73
184 1020 22
184 5189 47
184 6443 25
184 7089 98
184 9811 32
185 175 82
185 4225 67
185 4628 44
186 5686 87
186 8260 79
187 2654 27
187 9637 99
187 9674 11
188 153 70
188 4781 90
189 232 8
189 3438 83
190 1376 44
190 1633 82
190 5333 16
191 170 80
191 695 81
191 831 57
191 854 17
192 627 62
192 1616 72
192 5942 41
193 2465 84
193 3387 24
193 4044 76
193 8319 56
193 9652 46
194 998 22
194 7200 81
194 7844 43
194 8795 53
195 4190 63
195 5303 9
196 430 97
196 4537 49
196 9554 87
197 1914 24
197 8563 48
198 1078 97
198 2462 93
199 4131 37
199 5250 4
199 5268 76
200 7066 81
200 7118 86
201 2311 92
201 3568 60
201 3600 66
201 5188 48
201 9294 76
202 4552 27
202 5019 20
202 8818 17
202 9884 11
203 2685 43
204 1438 92
204 2157 67
204 3493 88
204 4373 14
204 8443 47
205 530 30
205 1945 67
205 3584 9
205 3642 39
205 5927 63
206 9528 58
207 4137 25
208 3335 86
208 4345 5
208 6253 22
208 7303 78
208 7818 42
208 8880 25
209 6359 54
209 9555 22
209 9761 11
210 227 45
210 1062 82
210 4049 76
210 4626 92
210 9788 58
211 9690 3
212 6664 12
212 7249 74
212 9256 14
213 5626 54
213 6618 66
214 916 80
214 1161 42
214 2213 79
214 3618 27
214 5180 72
214 7466 45
216 8959 36
216 9089 10
216 9374 7
217 3378 93
218 9050 35
219 3831 93
219 5359 98
219 7013 56
220 1564 70
220 3750 39
220 6013 81
220 6760 24
220 9580 61
221 354 91
221 1309 68
221 2890 42
221 4489 67
221 4706 60
221 5083 100
221 6106 70
222 738 72
222 2868 73
223 4292 83
223 8151 26
224 2001 39
224 4961 63
224 5223 67
224 7892 17
225 1647 89
225 8701 39
225 8811 61
225 9372 25
225 9421 48
226 5127 68
226 5752 18
226 6911 82
227 7066 60
227 9331 15
228 124 38
228 6147 30
228 8599 54
228 8885 18
228 9375 53
229 2091 15
229 2117 8
229 2923 21
229 4082 57
229 5493 74
229 6284 81
229 7256 56
230 5298 43
230 8254 52
230 8648 29
231 263 26
231 3247 77
231 5614 67
231 5978 88
231 6374 44
232 4289 83
232 9202 77
233 918 82
233 2577 44
233 3830 2
233 9891 30
234 2291 11
234 4249 19
234 6888 12
235 3553 70
235 5065 34
235 6120 49
235 7689 99
235 8217 88
236 9082 66
237 1396 51
237 4481 2
237 5705 74
238 1386 72
238 1818 58
238 9262 47
239 3981 52
239 8981 14
240 1382 90
240 3292 3
240 5190 42
240 7726 15
240 7986 80
240 8123 9
241 1672 3
241 3810 23
241 3918 92
241 9453 80
242 836 4
242 2717 35
242 3237 81
242 4372 33
242 7533 45
242 7653 100
243 1827 44
243 3118 14
243 6043 33
244 2476 93
244 3214 13
244 4081 21
244 5526 58
245 1418 64
245 8486 22
245 9235 31
246 1150 35
246 1865 80
246 2751 78
246 7378 86
247 6161 94
248 954 67
248 1327 88
248 3251 36
248 3588 82
248 6395 67
248 8220 44
248 8296 85
249 6507 90
249 7937 35
250 1521 64
250 4657 93
250 6201 70
250 8271 44
251 30 26
251 1288 14
251 2673 44
251 9028 70
251 9316 28
252 691 76
252 991 62
252 2813 41
252 3249 97
253 5906 20
253 8910 4
254 4760 18
254 6525 51
254 9281 38
255 645 98
255 2803 29
255 3039 23
256 559 92
256 769 95
256 991 11
256 1003 27
256 3275 77
256 3876 78
256 8289 70
256 8702 61
257 661 67
257 4784 5
257 6215 24
257 8733 60
258 3591 75
258 3846 68
258 7316 86
258 8579 89
259 2588 11
259 2738 55
260 2916 16
260 5516 87
261 3004 17
261 6250 56
261 6371 83
262 31 37
262 1018 60
262 4407 1
262 6920 87
262 7963 97
262 8999 99
262 9952 16
263 1183 20
263 1294 90
264 1814 10
264 3845 30
265 2820 16
265 3141 87
265 3379 8
265 4595 86
265 4821 48
265 7818 74
265 8247 91
265 8587 72
266 1621 34
266 6781 65
267 1539 39
267 2560 19
267 3978 53
267 4448 50
267 4553 74
267 6801 69
267 8140 37
267 9840 91
268 4858 25
270 264 20
270 3293 27
270 3585 84
270 3994 20
270 4541 14
271 1479 81
271 4597 19
271 4891 29
271 6707 100
271 8424 8
272 760 39
272 2037 30
272 3671 24
272 3919 26
272 5693 37
273 50 10
273 8994 73
273 9547 11
274 7583 1
274 9925 44
275 527 44
275 2925 66
275 6650 83
275 7286 63
275 8742 18
275 8858 32
276 1089 37
276 5101 87
276 9553 69
277 3386 27
278 22 12
278 3719 88
278 5540 54
278 5731 96
278 8561 8
279 1993 67
279 2506 76
279 8199 26
279 9752 96
280 1080 75
280 2916 34
280 5363 35
280 8597 4
281 8916 58
282 587 60
282 837 41
282 2813 68
282 4363 32
283 392 51
283 1876 68
283 2605 75
283 3544 95
283 9039 33
284 5272 57
284 6102 57
284 8950 51
285 339 89
285 433 93
285 7217 37
285 8916 57
285 9914 20
286 1661 49
286 2482 45
286 4399 73
287 580 44
287 4824 52
287 8914 39
287 9290 20
288 100 78
288 458 35
288 1371 94
288 2583 12
288 6400 69
288 9489 98
288 9630 70
288 9741 28
289 5769 38
289 6193 37
289 8982 60
290 403 89
290 5386 4
291 749 35
291 1942 83
291 2668 36
291 8272 92
292 1230 39
292 2043 87
292 2822 80
292 3204 32
292 4560 24
292 4747 37
293 8083 51
293 8383 72
293 8608 81
294 884 23
294 2987 15
294 3654 33
294 7300 62
294 8461 35
294 8750 11
294 9712 97
295 4762 28
295 6673 22
295 7840 65
296 2 26
296 7532 92
297 1350 93
297 1996 64
297 4815 28
297 5956 53
297 6342 53
298 3872 31
298 4792 87
298 5639 35
299 5205 67
299 5362 78
300 5465 74
300 6587 54
301 2118 58
301 2303 5
301 2395 77
301 4408 95
302 5661 56
303 603 48
303 1985 76
303 5378 79
303 5713 63
303 8061 9
304 1449 40
304 1474 97
304 2010 19
304 4257 36
304 4916 25
305 1114 41
305 2697 1
305 4316 51
305 8380 32
305 9183 94
306 2340 15
306 2826 59
306 4644 46
306 5297 67
306 8506 90
307 3446 33
307 5116 1
307 5593 57
307 6910 10
308 2607 75
309 6526 10
310 1285 68
310 1343 80
310 2944 86
310 3835 62
310 5851 35
310 8361 34
310 9176 38
310 9415 13
311 1232 96
311 6106 46
312 765 53
312 1318 93
312 1428 64
312 5920 89
313 1893 18
313 9368 4
314 7795 89
314 9567 68
315 2663 36
315 3294 82
315 3923 82
315 9371 94
316 1121 28
316 1157 49
316 4488 84
317 1126 60
317 3979 50
317 4646 40
317 7050 70
318 2373 24
318 3742 50
318 7190 37
318 7673 3
318 9148 35
319 2716 99
319 4909 38
319 6352 68
319 8449 36
320 3753 50
320 4778 64
320 7407 81
320 9794 2
321 3024 57
322 541 45
323 982 91
323 5638 74
323 9814 49
324 188 79
324 935 41
324 1220 84
324 3160 61
324 4212 23
324 7006 78
324 9891 88
325 2617 71
326 1044 61
326 1076 48
326 2041 21
326 4681 1
326 4890 17
326 6194 44
326 7553 50
326 8222 54
326 9615 47
327 476 85
327 1132 53
327 4038 84
327 7680 52
328 1951 88
328 2977 34
328 3310 16
328 5599 69
328 7418 36
328 8157 72
328 8251 13
329 798 26
329 2162 45
329 6514 62
329 9119 5
329 9507 86
330 1325 45
330 1739 65
330 6781 9
330 8862 23
331 689 53
331 2603 80
331 4054 84
331 4987 1
331 5173 100
331 8463 84
331 8934 17
332 2979 44
332 4301 34
332 5484 71
332 5554 90
332 8789 18
333 126 23
333 5898 74
333 6817 70
333 7945 11
334 244 7
334 414 85
334 751 79
334 802 43
334 3828 57
334 9103 92
335 1224 68
335 2123 2
335 7126 53
336 4992 72
336 5660 87
337 3947 98
338 723 37
339 3230 96
339 8570 21
340 6911 89
341 2154 75
341 2813 4
341 9192 89
341 9612 74
342 2794 88
342 4665 6
342 4997 17
342 7490 21
342 7844 77
343 1866 7
343 1939 39
343 4180 99
343 4233 80
343 7419 8
343 9942 9
344 3040 87
344 3242 93
344 3795 88
344 6889 29
345 1912 50
345 3951 80
345 4317 97
345 4456 51
345 7895 33
345 7965 68
346 674 38
346 3990 31
346 5123 5
347 1201 33
347 1487 51
347 4318 93
347 5190 7
348 5281 54
349 526 82
349 6066 81
349 7490 42
349 9315 88
350 379 98
350 598 62
350 2853 64
350 3226 5
350 5048 1
350 7090 63
350 7835 84
350 8865 8
350 8897 72
351 3488 71
351 3848 1
351 6089 60
353 2145 100
353 2580 50
353 2620 39
353 5027 96
353 7397 100
354 687 71
354 7126 64
354 7478 37
355 1427 1
355 1575 68
355 3171 70
355 5893 52
355 6901 61
356 223 77
356 637 5
356 1590 43
356 1690 57
356 5235 47
356 7232 31
356 9124 55
357 1275 9
357 5620 95
357 6810 59
357 8221 9
357 9532 57
358 3437 43
358 5952 16
358 7002 29
358 7319 13
358 9265 17
359 2609 88
359 8251 13
359 9200 66
359 9810 26
360 2450 8
360 7122 65
360 9917 97
361 7018 72
361 7598 2
362 797 98
362 5295 39
362 7091 71
363 9316 49
364 255 100
364 4620 48
364 5708 54
365 1294 42
365 4166 5
365 5395 100
366 1200 72
366 1457 59
366 3627 8
366 3947 67
366 5543 17
366 6271 17
366 9749 23
367 7553 59
367 8431 33
368 1050 52
368 4896 72
368 5696 49
368 6516 39
369 4567 84
369 9283 14
369 9454 65
369 9881 92
370 9810 78
371 4230 62
371 4884 63
371 6077 80
371 6394 59
371 7535 2
372 4258 51
372 6276 8
372 6379 1
372 7778 98
372 9810 61
373 2692 43
373 4908 2
373 5364 61
373 7750 15
373 8133 61
374 643 69
375 4584 81
376 1523 77
376 4406 85
376 5133 4
376 5972 36
376 6701 17
377 1760 55
377 2628 8
377 4095 65
377 4410 93
377 4737 92
377 5616 79
377 8480 58
378 5937 83
378 7001 57
378 7932 19
379 1296 45
379 5263 36
380 1743 78
380 3732 46
380 6571 86
380 7453 85
380 9751 47
381 2248 84
381 4816 46
381 6006 89
382 1357 86
382 2673 7
382 4267 3
382 5149 46
382 8018 76
382 8981 83
383 1464 23
383 1570 60
383 1831 86
383 1865 59
383 4015 77
383 7140 40
383 7795 66
383 8765 42
383 9170 33
384 1661 57
384 1985 20
384 3107 90
384 7499 40
385 117 76
385 949 9
385 5263 84
385 5631 12
385 7250 86
385 9276 30
385 9720 98
386 2881 71
386 4942 76
386 8616 81
387 8147 17
387 8584 64
387 9182 67
387 9702 24
387 9877 66
388 3879 13
388 4601 99
388 4678 48
388 5301 35
389 242 59
389 1170 34
389 1321 94
389 1351 36
389 2456 73
389 9817 59
390 272 77
390 325 5
390 1305 16
390 4488 97
390 8352 95
391 3431 55
391 6353 73
391 9056 4
392 538 39
392 4084 84
392 6917 90
392 7148 68
393 4635 82
393 4732 60
393 4851 44
393 8155 63
393 8249 77
394 239 8
394 2485 29
394 7282 100
394 8599 73
394 8903 41
395 2804 99
395 4456 21
395 5452 76
396 1937 57
396 8966 54
397 56 69
397 2000 92
397 3454 27
397 3615 28
397 4191 69
397 5617 32
397 6427 43
397 6955 66
397 8614 27
398 187 98
398 1736 38
398 2985 30
398 6707 36
399 184 22
399 2241 19
399 4047 4
399 4484 3
399 5152 79
399 8866 48
400 8884 65
400 9253 55
401 107 55
401 4989 94
402 257 55
402 858 28
402 1184 34
402 2326 53
402 4238 48
402 5004 10
402 9282 9
402 9705 2
403 588 78
403 2404 1
403 2516 29
403 4949 5
403 8673 69
403 9128 61
404 491 48
404 1998 34
404 5526 87
404 7836 45
404 9335 72
404 9623 16
405 204 81
405 1294 94
405 2807 35
405 7457 84
407 346 97
407 1718 13
407 4489 32
407 4544 62
407 5113 68
407 7473 86
407 9037 55
407 9075 22
407 9163 13
408 3563 89
408 4796 74
408 5924 61
408 7190 98
409 929 83
409 5725 62
409 5996 75
410 3174 83
410 3681 91
410 7413 79
410 9212 52
411 3589 51
411 3999 26
411 8168 86
412 1251 37
412 2947 71
412 3640 58
412 6141 53
412 6703 51
412 6710 51
412 7660 87
412 7984 35
413 224 47
413 468 100
413 1147 66
413 4188 8
414 3103 67
414 8445 51
414 8568 63
415 1387 89
415 3293 64
415 3701 51
415 6106 63
415 7337 24
416 2809 48
416 7314 45
416 9665 86
418 662 23
418 3005 28
418 5823 76
418 6867 2
418 8459 79
418 8583 26
419 1073 28
419 3172 64
419 7125 63
420 178 98
420 1171 21
420 6905 16
420 9298 49
421 983 72
421 4733 3
421 5985 83
422 365 19
422 1321 2
422 8474 48
423 1839 27
423 1871 69
423 2066 99
423 8729 89
423 9177 57
424 1443 62
424 1472 40
424 3223 20
424 9052 85
424 9221 88
425 604 64
425 4819 70
425 6304 10
425 7813 91
425 8819 46
425 9381 11
426 680 69
426 4543 72
426 5087 39
426 6287 33
427 2416 34
427 5388 36
427 7742 54
427 8054 50
428 1003 84
428 2301 26
428 2743 52
428 2786 67
428 6108 44
429 271 54
429 1195 15
429 2607 70
429 3427 23
429 6127 13
429 7887 59
429 8617 80
429 9987 74
430 6297 98
431 5686 99
432 1943 59
432 2387 85
432 5960 62
432 6640 29
432 8606 94
432 9535 53
433 176 74
433 8043 5
433 8656 22
435 828 45
435 1267 43
435 1356 54
435 3374 79
435 8801 79
436 455 8
436 5432 29
436 6606 63
436 6842 33
436 9279 80
437 2173 30
437 5497 76
438 737 34
438 1175 44
439 238 46
439 285 56
439 949 56
439 4006 4
439 6077 35
439 6952 30
439 8308 1
440 1187 33
440 2093 88
440 2696 86
440 3323 94
440 8329 16
441 487 80
441 1669 46
441 2510 90
441 8971 84
442 5463 67
442 5493 35
443 1286 27
443 2680 21
443 3515 14
443 5908 6
443 6120 28
443 6358 42
443 6520 68
443 9899 61
444 1078 22
444 2300 97
444 7985 36
444 8480 55
445 182 41
445 3623 82
445 4305 10
445 7392 96
445 9381 85
446 3724 44
446 5386 25
447 7631 86
447 9332 76
448 2113 13
448 2933 71
449 1796 70
449 2048 29
449 2483 50
449 2529 16
449 2636 18
449 5234 34
449 5739 82
450 1056 53
451 112 61
451 669 3
451 1268 66
451 3710 66
451 4169 31
451 5710 7
451 9498 34
452 2487 91
452 2538 28
452 3684 31
452 3796 27
452 6660 83
453 1890 71
453 6064 8
453 8096 92
453 8407 66
453 9219 93
453 9544 36
454 768 91
454 1754 78
454 2612 11
454 6948 3
454 7123 49
454 8185 81
455 7576 31
455 8071 99
455 8260 96
455 8961 49
456 1161 32
456 2554 78
456 8131 1
457 1288 92
457 2150 80
457 7014 66
457 9594 58
458 2396 10
458 2952 73
458 3130 91
458 5765 100
458 9175 1
458 9404 21
459 811 27
459 2061 83
459 3440 91
459 4962 35
459 8645 75
459 9596 57
460 6010 27
461 5205 10
461 7471 47
461 7754 5
461 8138 21
461 9757 50
462 2176 53
462 3452 1
462 3899 80
462 8011 52
463 2839 96
463 3083 29
463 5490 84
463 8529 73
463 9364 29
464 4784 76
464 7180 53
465 4752 95
465 8355 33
466 3530 62
466 8423 67
467 4698 23
467 9195 62
468 386 68
468 3990 44
468 5130 89
468 5173 50
468 5622 35
468 8457 23
468 9854 25
469 1795 91
469 2433 49
469 6743 34
469 7883 38
469 7933 53
469 8788 55
470 333 87
470 5467 6
470 7025 55
470 9679 67
471 9100 57
471 9518 51
471 9802 95
471 9901 40
472 50 24
472 4045 24
472 8033 15
472 8160 76
472 9154 18
473 7961 48
473 8602 38
473 8782 84
474 1502 71
474 5146 100
474 7396 52
474 8142 14
475 1937 88
475 2563 2
475 3054 48
475 4775 10
475 4985 26
475 6426 39
475 6999 58
476 2267 60
476 2677 77
476 4932 11
476 8832 14
477 842 63
477 2118 16
477 3387 69
477 3937 30
477 5222 73
477 6239 19
477 8218 24
478 442 13
478 1574 43
478 2424 47
478 5971 28
478 7548 18
478 9278 65
479 560 75
479 1863 55
479 4416 49
479 8551 45
480 1132 55
480 9182 100
481 1914 59
481 9425 42
482 1791 1
482 7396 7
483 4598 51
483 8030 26
483 9418 45
484 563 9
484 8004 86
484 9228 21
485 3524 19
486 162 99
486 852 84
486 876 35
486 1726 68
486 4186 13
486 5509 7
486 8384 86
486 8690 37
487 1202 20
487 2920 29
487 5693 84
487 8624 47
488 6324 46
488 9373 48
489 1206 22
489 1321 1
489 4009 96
489 4782 66
489 6277 55
489 7223 96
490 25 24
490 3425 97
491 340 96
491 1254 30
491 1574 47
491 4350 22
491 4491 75
492 3393 55
492 3733 7
492 5459 96
493 876 73
493 6036 6
493 6886 79
493 8678 8
493 9440 73
494 1137 92
494 1946 15
494 2066 59
494 4990 29
494 8576 34
495 509 87
495 1168 13
495 4953 80
495 6217 33
495 9019 60
495 9681 1
496 8033 34
496 8382 56
497 3599 67
498 2853 89
498 2869 52
498 5581 91
498 7820 85
499 111 47
499 4233 21
500 4489 31
501 7418 69
501 8275 95
502 208 86
502 1155 75
502 1576 91
502 4365 59
502 5034 81
502 7746 69
503 818 66
503 928 54
503 6023 61
503 6088 80
503 9154 12
503 9669 90
504 1023 13
504 1356 99
504 9258 2
505 465 93
505 1026 32
505 1673 62
505 1782 94
505 4258 65
505 9904 17
506 3650 60
506 5991 54
506 6288 69
506 9159 51
507 5845 38
508 148 15
508 263 71
508 1676 69
508 1957 83
508 6742 66
509 5295 54
509 5831 58
510 942 56
510 1753 12
510 6031 38
510 7672 24
511 4037 78
511 4724 91
511 6284 85
511 9435 57
511 9498 3
512 1548 74
512 1735 70
512 2346 2
512 5590 75
512 6507 63
512 9683 33
513 2076 36
513 5373 56
513 9520 98
514 5065 53
514 8263 16
515 103 52
515 534 21
515 1518 67
515 2606 89
515 3473 36
515 5377 37
515 5425 58
516 1129 19
516 2649 2
516 3756 11
516 4970 76
516 6634 57
516 9923 23
516 9988 14
517 2446 81
517 3482 1
517 4327 5
517 4418 66
518 597 58
518 2039 8
518 3512 39
518 4743 27
518 8058 9
518 8414 14
518 8771 90
519 342 42
519 1076 50
519 1578 46
519 1855 40
519 5026 3
519 9953 61
520 1528 91
520 5432 24
520 5910 27
521 2461 80
521 2690 59
521 7796 64
521 8244 37
523 2576 77
523 6311 65
523 7568 48
523 9889 53
524 9318 22
525 219 71
525 1518 66
525 5215 3
525 8859 71
525 9538 71
526 1352 68
526 2817 28
526 4656 78
526 8552 7
526 9719 54
527 854 87
527 1420 20
527 1487 43
527 4153 28
527 7315 70
528 4260 88
528 9662 68
529 862 72
529 4133 49
529 7288 58
529 7550 95
530 1293 76
530 1409 38
531 3487 53
531 6181 40
531 6492 74
531 9341 30
532 1783 5
532 2844 21
532 3033 82
532 4316 26
532 5397 91
532 8893 48
533 3533 28
533 4453 61
533 4608 18
534 1745 96
534 2118 89
534 8979 96
534 9173 2
535 340 42
535 566 82
535 4043 21
536 6630 85
537 758 10
537 3037 90
537 3399 73
537 7239 77
537 8854 62
538 2327 22
538 4946 34
538 4971 56
538 5887 98
538 7730 72
538 8884 9
539 2347 37
539 2574 45
539 3719 38
539 4200 41
539 4640 66
539 5432 20
539 6252 67
540 396 57
540 921 67
540 1092 95
540 5634 18
541 273 85
541 635 90
541 1747 6
541 3749 80
541 3788 92
541 4799 48
541 5355 62
542 475 13
542 4281 33
542 4802 71
542 7583 3
542 8782 6
543 499 47
543 2022 64
543 2183 27
543 2198 81
543 4136 19
543 5499 25
543 9995 52
544 268 27
544 791 61
544 1745 96
544 3228 65
544 6459 2
544 8300 62
544 9400 84
545 1772 69
545 4153 18
545 8192 51
545 9082 64
546 1263 36
546 4793 35
546 6851 54
547 3104 41
547 4425 15
547 9108 45
548 1082 88
548 2466 76
548 4060 57
548 6326 20
548 7047 46
548 7465 59
548 9714 25
548 9735 92
549 2979 23
549 3323 52
549 4422 73
549 4605 42
549 4696 76
549 8166 24
549 9856 68
550 2129 37
550 5019 20
550 5165 33
551 3442 39
551 4615 81
551 7791 16
551 9747 8
552 353 99
552 6593 67
553 5261 71
553 7078 34
553 9629 2
554 343 24
554 3665 74
555 1712 16
555 2857 69
555 3876 62
555 7174 92
555 7605 26
555 9233 82
556 3186 38
556 8531 85
557 6210 7
557 8597 30
558 142 7
558 1432 59
558 4947 2
558 5903 48
559 3022 34
559 8332 25
560 696 16
560 804 71
560 1416 44
560 5050 48
560 9252 10
561 2471 25
561 4798 64
561 6149 17
562 229 23
562 6227 30
562 7562 87
563 8036 57
563 9975 31
564 982 11
564 4199 31
564 4733 47
564 5334 80
564 8718 92
565 2462 38
565 2731 5
565 6254 74
565 7258 75
566 2972 89
566 3942 80
567 2130 4
567 3115 96
567 9139 38
567 9378 6
568 48 43
568 101 72
568 745 30
568 1499 58
568 8377 43
568 9109 74
569 360 6
569 1471 52
569 4449 99
569 4591 69
569 5258 68
569 6865 22
569 6885 99
569 9047 55
570 2706 78
570 3716 30
570 3723 66
570 7654 8
571 1349 76
571 1919 45
571 4955 100
571 6520 14
572 135 49
572 335 73
573 2152 89
573 3340 38
573 3532 53
573 5492 92
573 8609 33
574 3186 90
574 4709 98
574 7921 76
574 8964 62
574 8966 27
574 9074 34
575 2009 5
575 4074 1
575 4241 39
575 5765 56
575 7698 99
575 8325 8
575 9421 24
576 133 20
576 2797 7
576 4408 79
576 6147 98
576 6306 36
576 7872 45
576 8842 5
577 2093 11
577 2901 89
577 4439 4
577 6157 25
577 6981 38
577 8953 77
577 9350 13
578 3090 75
578 3718 29
578 6835 5
579 2768 8
579 5182 18
580 4201 2
581 3042 83
581 3073 80
581 5438 29
581 5992 16
582 775 84
582 5975 29
582 8180 55
583 3385 40
583 7235 28
583 8309 62
584 1501 64
584 1578 48
584 6147 68
584 7292 42
584 7660 45
584 8494 4
584 8730 86
585 2084 49
585 2234 15
585 2913 75
585 3757 53
585 4946 39
586 6002 12
586 8243 29
586 8402 51
586 9750 87
587 138 57
587 742 55
587 2059 94
587 4151 75
587 6449 56
587 7125 77
